time,x,y,z,phi,theta,psi,x_velocity,y_velocity,z_velocity,phi_velocity,theta_velocity,psi_velocity,rotor_speed1,rotor_speed2,rotor_speed3,rotor_speed4
0.06,-2.29585076542e-07,-7.0597664176e-08,0.00797673609865,6.28286005803,6.28270828625,0.0,1.11631490015e-05,-1.89681759269e-05,0.265866691768,-0.0193989955739,-0.0328362082071,0.0,488.1100477109122,485.65386470297835,487.2288959888517,485.7767480414274
0.12000000000000001,2.07341441493e-05,-1.37205277324e-05,0.0309512511927,6.28225002758,6.28109773537,0.0,0.000903173730622,-0.000538609418682,0.499876755516,0.00380823411246,-0.0169577444703,0.0,477.2974979512258,478.5074373891548,476.48247598392226,478.25315957089657
0.18,0.000126038138466,-6.60869882705e-05,0.0657901472115,6.28206568498,6.28018861804,0.0,0.00271355783594,-0.00119791488158,0.661339507198,-0.0226821985739,-0.0117652092865,0.0,455.70397563674044,456.11889510088486,457.6848119310412,455.5719497862975
0.23999999999999996,0.000358624615227,-0.000168567510337,0.110105194386,6.28034459335,6.27914946103,0.0,0.00513137912094,-0.00238310133375,0.815730278881,-0.0447434464884,-0.0317571341735,0.0,455.236432000989,453.63417557572,455.05359813011665,453.28411497741564
0.3,0.000760523029495,-0.000382818806202,0.162803491573,6.27786012669,6.27689970974,0.0,0.00848062056602,-0.00503074487029,0.940782600665,-0.0354568416383,-0.0525846739642,0.0,445.9157576094998,444.21055479127654,445.50731376441223,446.26495540676245
0.36000000000000004,0.00141506338555,-0.000806152496398,0.222856758785,6.27586386011,6.27408003861,0.0,0.0136483416368,-0.00929587613819,1.06088522985,-0.0292242128139,-0.0376709949034,0.0,443.3320238463915,444.55418769106376,444.10060294743244,444.6110241722006
0.4200000000000001,0.00238391705174,-0.00148443681299,0.28460618641,6.27386341981,6.27195845708,0.0,0.0188175382682,-0.0134588246153,0.997484197626,-0.0431990089394,-0.0310981286095,0.0,382.54479724649735,383.1693245293645,383.3107180722273,381.97981239747907
0.48000000000000015,0.00372607621398,-0.00247244809197,0.345215393092,6.27134589886,6.27016068121,0.0,0.0260873443056,-0.0197068941635,1.02279572689,-0.0395874167224,-0.027784437773,0.0,413.8120075272306,414.1032069618183,413.03217518731174,413.34943512023807
0.5400000000000001,0.00557521882698,-0.00391605714149,0.410208597666,6.26913697475,6.26829363419,0.0,0.0357338078677,-0.0286522921722,1.1435252947,-0.031780507618,-0.0387917753243,0.0,445.6288132897168,444.7278854497812,443.5613219134486,444.20127158017203
0.6000000000000002,0.00805301691701,-0.0059489493187,0.482941784411,6.26691898439,6.26595962209,0.0,0.0471078036565,-0.0393273819564,1.28076274533,-0.0501463872696,-0.0391178856831,0.0,449.15472363622484,449.12754521985545,451.44761685087474,449.96272514751934
0.6600000000000003,0.0112018666942,-0.00861579182653,0.560383382878,6.26360748808,6.26366381979,0.0,0.0580625924782,-0.0498494304548,1.30059216927,-0.0679053295351,-0.0366072939371,0.0,411.25917349148045,411.48062292830423,414.2482996426906,412.6814452988268
0.7200000000000003,0.0151978336907,-0.0121291617558,0.646469065277,6.25982444417,6.26165371961,0.0,0.075395686867,-0.0677527043066,1.5685853583,-0.0547810212921,-0.0279204344554,0.0,488.32028478102274,488.9674419500063,488.96128563130566,489.93540237379733
0.7800000000000004,0.0201898423642,-0.0167084549786,0.744405877759,6.25717099276,6.26069743055,0.0,0.091132576816,-0.0851950188539,1.69578311751,-0.0287589488185,0.00103719593654,0.0,446.6579989066249,449.01320158285466,447.0630251857138,449.17684310434197
0.8400000000000004,0.0261774676371,-0.0224286050659,0.851610284185,6.25582386337,6.26078489994,0.0,0.108439727782,-0.105642085899,1.87741065805,-0.0121410865028,0.00228614760098,0.0,465.63582895278256,465.7334851702498,463.61482492838144,464.9185310485173
0.9000000000000005,0.0332371181032,-0.0294465622024,0.971315331928,6.25548526711,6.26080730877,0.0,0.12686238417,-0.12834114325,2.1123503431,0.00492556597367,-0.00375649135897,0.0,481.6881376874661,481.23098354473706,480.41198380911254,481.7043050537515
0.9600000000000005,0.0413052321517,-0.0377101122396,1.1007536781,6.25579130125,6.26053702216,0.0,0.142095369076,-0.14707608597,2.20209103638,0.00544831373338,-0.0060450726473,0.0,438.2890082733007,438.09885111178613,438.0469044864446,438.09028039464204
1.0200000000000005,0.0503909428761,-0.0472096363137,1.23990304753,6.25627836715,6.2606100738,0.0,0.160764526041,-0.169512367987,2.43575217899,0.0129836307709,0.0127879268513,0.0,481.083673602226,482.5074922673157,482.05646184306124,482.6253887962325
1.0800000000000005,0.060432997329,-0.057854475346,1.38608156996,6.25697003806,6.26179823454,0.0,0.173881971757,-0.185251937861,2.43686541104,0.00844464056123,0.0310515390703,0.0,409.26319454691577,410.88553317697216,411.0426625258283,410.6401138872138
1.1400000000000006,0.0713672604581,-0.0695922059125,1.53847429157,6.25806096173,6.26344871616,0.0,0.190375037497,-0.205895214687,2.64244518472,0.0327380210057,0.0192643169115,0.0,475.21448947863416,474.3102613211427,473.98437820478034,475.8475928670063
1.2000000000000006,0.0831864334648,-0.0824505529137,1.69972046582,6.260363367,6.26474618821,0.0,0.20346877447,-0.222496159514,2.73222392476,0.0477610188987,0.0259698263402,0.0,440.9119949392604,441.4656409376828,439.1981977558196,440.4431318024752
1.2600000000000007,0.0958108000398,-0.0963136437118,1.86896963878,6.26285854535,6.26618061686,0.0,0.217164621787,-0.239289963113,2.90899189947,0.0248768149765,0.0194253679347,0.0,468.5805664081324,468.0715761755392,467.85116009956687,466.066804021719
1.3200000000000007,0.109159151532,-0.111053903979,2.04488172246,6.26449253788,6.26726391191,0.0,0.22767176163,-0.25190374563,2.95463192744,0.0315717976531,0.0151628032259,0.0,428.5322560568208,428.1697145637037,426.7671159916511,427.33840011827544
1.3800000000000008,0.123115966051,-0.126516405001,2.22340163354,6.26644626745,6.26807495855,0.0,0.237472330474,-0.263332777007,2.99592919328,0.0344723851515,0.0100051486995,0.0,427.13826462689354,426.6980754811099,426.0198136059499,426.2682097517905
1.4400000000000008,0.137662563605,-0.142644993875,2.40549043186,6.26878970603,6.26881812356,0.0,0.2473436747,-0.274066048237,3.07349700618,0.0469314856087,0.0167668684902,0.0,438.46177201768273,439.02305797305894,437.64420767874947,438.680781093443
1.5000000000000009,0.152813591182,-0.159396505165,2.59424148008,6.27136480716,6.2695588936,0.0,0.257587186823,-0.284019604243,3.21781604245,0.0333597012461,0.00158381232079,0.0,460.7656202640591,459.56360219117545,459.59684125410007,458.5208267331447
1.560000000000001,0.168562746762,-0.176690501695,2.79150616956,6.27324331333,6.27067792246,0.0,0.267299485626,-0.292234200534,3.35727877807,0.0268539977873,0.0402949849353,0.0,457.2481942803893,460.32185988868093,459.3657337392325,458.8498509536151
1.620000000000001,0.184808121636,-0.194394814702,2.99265097532,6.27481360886,6.27281120617,0.0,0.274014907697,-0.297774587429,3.34758259446,0.0247708188064,0.0238127973386,0.0,413.4494157599498,411.9952696078032,411.36946419379666,411.1851471560301
1.680000000000001,0.201432966899,-0.212413134779,3.19428672532,6.27672166996,6.27378612218,0.0,0.280028442105,-0.30267961938,3.37353710462,0.0430689732134,-0.00657357750836,0.0,424.61494212048507,421.99997162569946,423.5662231038066,425.1374221623882
1.740000000000001,0.218433890741,-0.230704726295,3.40039697609,6.2795569213,6.27384859853,0.0,0.286679168597,-0.306752770179,3.49644006356,0.0545279218966,0.0130596360757,0.0,453.3380093015729,454.91289837509044,454.9897729124603,455.907553041877
1.8000000000000012,0.235822597756,-0.249176036895,3.61325151354,6.28291825076,6.2744568477,0.0,0.292868784018,-0.308618980582,3.59840064918,0.0588535359363,0.00353756700127,0.0,449.9799441604168,449.20830250413616,448.3928703563625,448.74624767885393
1.8600000000000012,0.253521349175,-0.26769135283,3.82641459239,0.0030067617649,6.27493393326,0.0,0.297065118519,-0.308307366572,3.50732346265,0.0441977850413,0.0155723229451,0.0,384.48511321974183,385.62362341935534,385.9816794238089,384.5983958832806
1.9200000000000013,0.271501398782,-0.286125152866,4.03887866395,0.00559331824973,6.27571391232,0.0,0.302183553924,-0.305899782096,3.57460712842,0.0408388895044,0.0072816316384,0.0,438.56180562868104,437.8724986360248,438.3721171928282,438.09396253490496
1.9800000000000013,0.289732468748,-0.304398904402,4.24967276878,0.00811949398412,6.27634761435,0.0,0.305483417543,-0.303051574498,3.45224349056,0.0445175220976,0.0164250934374,0.0,373.16198668170097,374.05345831590677,373.13528377529013,373.4955892221032
2.0400000000000014,0.308226281935,-0.3223671009,4.46443053253,0.0116964369948,6.27750900435,0.0,0.310836488748,-0.295493931766,3.70556506532,0.0795660745924,0.0246545597406,0.0,492.7643229254839,493.3722297958076,492.88172399739943,495.46717843009577
2.1000000000000014,0.326983344791,-0.339844738253,4.68951126342,0.0164784830774,6.27887483416,0.0,0.314252841483,-0.286618074967,3.79682836088,0.0799686390871,0.018685931063,0.0,447.10691982538464,446.62038366484205,447.32921695575413,447.36705230448655
2.1600000000000015,0.345916452584,-0.356701145902,4.91954788455,0.0215697259087,6.2800409085,0.0,0.316736684934,-0.274781007025,3.87080977986,0.0931673464585,0.0208912100305,0.0,441.8512392237928,442.032981204384,442.1339493407603,443.22597354109996
2.2200000000000015,0.364975164176,-0.372738067707,5.15426437185,0.0273537612124,6.28160529808,0.0,0.31841047841,-0.259225098456,3.95278839444,0.10218485011,0.0348192323774,0.0,444.7833850294869,445.92280745758336,444.99606313877376,445.7415298303807
2.2800000000000016,0.384099393647,-0.387723449392,5.39389497055,0.0337456589744,0.000893464967447,0.0,0.318833346885,-0.239673928807,4.03460453307,0.114046043371,0.0516668812361,0.0,445.2713953074965,446.6485016636064,445.38148184762247,446.360425247499
2.3400000000000016,0.403190001883,-0.401289838439,5.64170557109,0.0409754717531,0.00454672588514,0.0,0.317124771371,-0.21174976963,4.2250478234,0.130993994711,0.0748455407035,0.0,478.680189293787,480.4431459541184,478.498135712895,479.79845464236377
2.4000000000000017,0.422080732509,-0.412961590842,5.90203258095,0.0485051277382,0.00930732392409,0.0,0.312008390196,-0.176413478238,4.45163735729,0.111264212069,0.087085439955,0.0,490.98692194565535,491.8985691669421,491.6176676980882,490.1659960320621
2.4600000000000017,0.440620839239,-0.422706817468,6.1684645342,0.054916679478,0.014971218279,0.0,0.305531492229,-0.147872013504,4.4294920123,0.0961555329904,0.106025172631,0.0,415.4197286715001,417.0854258825631,416.89964501457837,415.58801797502537
2.520000000000002,0.45853577458,-0.430160184233,6.44200112967,0.0609027633901,0.0213751175909,0.0,0.290845600042,-0.0998925511541,4.68733350181,0.106154702361,0.108107314355,0.0,501.6795532678876,501.8392856976878,501.0814174119937,501.8151379679884
2.580000000000002,0.475557304741,-0.434998073469,6.72427202446,0.0670657938353,0.0280041192296,0.0,0.275932492291,-0.0607993871863,4.7215149851,0.0947678356045,0.114852318451,0.0,436.20481197282703,436.7787905847615,437.8545601868286,436.91539475927385
2.640000000000002,0.491582163972,-0.437432981094,7.00776598827,0.0729850933262,0.0346212109348,0.0,0.257628838474,-0.0198524693345,4.72820913876,0.105469346647,0.0990884193823,0.0,429.15949592362165,427.83032734133616,427.89448952084484,428.81336136698417
2.700000000000002,0.506257381783,-0.437024574658,7.29540440217,0.0790836523505,0.0413435823689,0.0,0.230877875811,0.0340891679317,4.85912190574,0.092620346216,0.129974209168,0.0,465.8259762494512,468.2451925487471,468.5226555948032,467.53080574372296
2.760000000000002,0.519245820008,-0.433382598322,7.58923976156,0.0848178815591,0.0488239353573,0.0,0.20132474845,0.0878401881227,4.93498963946,0.100895894042,0.111119354998,0.0,452.7317033322223,451.22554828901366,451.6476279498883,452.32224105892493
2.820000000000002,0.530467990189,-0.426661284954,7.88457328452,0.0905269570083,0.0554086048883,0.0,0.172186771748,0.136706613811,4.90949411462,0.0800516975596,0.106845048598,0.0,420.7333062906052,420.3743994585541,420.6528729935769,418.8517868780397
2.880000000000002,0.539832637058,-0.416919132275,8.17832162195,0.0953586487505,0.0624585448516,0.0,0.139395247948,0.188442707223,4.88215306013,0.0814639795867,0.133062503782,0.0,419.3447765677683,421.6291689081663,418.3762926426723,418.50492000689593
2.940000000000002,0.546715054679,-0.403403722179,8.47649974491,0.100172208561,0.0703790063417,0.0,0.0891655890908,0.262542547352,5.05624105081,0.0776290494751,0.129812374366,0.0,482.58850854668935,482.35759776193964,482.40946063568833,482.12438737200125
3.000000000000002,0.550714330332,-0.385770904078,8.78078194166,0.105209688483,0.0782986010218,0.0,0.0434314714652,0.325646599464,5.08624693941,0.0942942784097,0.136028495602,0.0,439.49978859494496,440.030946105899,439.7510182385638,441.1352446572435
3.0600000000000023,0.551764295504,-0.364180985887,9.0875460853,0.110765107645,0.0861624628882,0.0,-0.00917822293453,0.394518047229,5.13884365261,0.0889467005527,0.118624247745,0.0,448.7394248065009,447.33962828598453,447.8829000653916,447.45485641488085
3.1200000000000023,0.549570062684,-0.338430175082,9.39675663279,0.116608704277,0.0930998834933,0.0,-0.0645932011722,0.464334335841,5.16789153256,0.110429553173,0.108829101062,0.0,441.4686947747834,440.67162416768923,440.38962808105,442.17124824668366
3.1800000000000024,0.543794704948,-0.308218300779,9.70904451591,0.123237414462,0.0992734259124,0.0,-0.128509734403,0.543327287417,5.24118724653,0.110576137108,0.0870937923838,0.0,456.90428601791456,455.1765849914266,455.5018268543152,455.5240191971362
3.2400000000000024,0.534378044946,-0.273520907901,10.022628418,0.129655170531,0.104512974911,0.0,-0.185818938275,0.613799734683,5.21157590988,0.098533982174,0.0877855602392,0.0,424.3409551135456,424.40705426282483,423.5108333764206,422.48422948450025
3.3000000000000025,0.521429918564,-0.234484836458,10.3344579723,0.135442462075,0.110219626018,0.0,-0.246249267364,0.687891240297,5.18269574447,0.0919373612354,0.106753714173,0.0,422.6366171766094,424.27660276220297,424.8529181249541,424.2952546935895
3.3600000000000025,0.503917077708,-0.18988690212,10.6519716818,0.141043590684,0.116363132577,0.0,-0.338142904505,0.799208749587,5.39983361593,0.0960394848431,0.0918166109402,0.0,499.8625521357999,498.78046024696505,500.370422069018,500.67529168044337
3.4200000000000026,0.481609806357,-0.139514074968,10.9752210744,0.146617132321,0.121582199318,0.0,-0.405886537683,0.880355169631,5.37505393612,0.0857148456874,0.0749597806834,0.0,429.1040740592857,427.6769012909411,428.4815539338567,427.61036405753043
3.4800000000000026,0.455090373185,-0.0841071189553,11.2974626177,0.15186048812,0.125849006333,0.0,-0.478464530072,0.966971535254,5.36616031687,0.0905417333942,0.0620328803406,0.0,434.38658816764803,433.3049840098986,433.3138379267557,433.7260198036313
3.5400000000000027,0.424161451966,-0.0234332623432,11.6190169669,0.157296667215,0.129513317631,0.0,-0.552807958677,1.05593609199,5.35216318382,0.0907251202267,0.0590779297215,0.0,433.4702448077336,433.22457079290774,431.40405980459195,431.42669591550276
3.6000000000000028,0.388665666472,0.0427219458944,11.9400347743,0.162553546945,0.133489329748,0.0,-0.630700734212,1.1496727801,5.34821208621,0.0805326921184,0.077737241119,0.0,434.6614943585558,436.2259776551739,437.07108297811624,436.22711659879593
3.660000000000003,0.348504102603,0.114491070014,12.2601996169,0.167196413734,0.137981616891,0.0,-0.708403038091,1.24300933882,5.3238204224,0.0701907634658,0.068420015465,0.0,429.5678171058096,428.78144068558345,430.80840092348984,429.9378291618624
3.720000000000003,0.303804029642,0.191695879083,12.5774757626,0.170924458527,0.141902356828,0.0,-0.781940341491,1.33081216789,5.25216258899,0.0366627139632,0.0583562646797,0.0,413.8831965396385,412.9998146052967,415.983139457838,413.03895712178826
3.780000000000003,0.254077621316,0.274875011315,12.8942407832,0.172891913518,0.14504650548,0.0,-0.875873407643,1.44193182091,5.30619068704,0.0236345501139,0.0365304052419,0.0,455.5681146560158,453.82093867510486,456.3490002442952,455.3080797886013
3.840000000000003,0.198867712949,0.364504585389,13.2128213687,0.17422520044,0.147650429041,0.0,-0.964649702963,1.54578498533,5.31293155065,0.0192341910533,0.0544546391168,0.0,440.05265918104084,441.5351938068972,441.56945871917935,441.20626647401645
3.900000000000003,0.138101248079,0.460590424829,13.5329746294,0.175073144122,0.151050896456,0.0,-1.06116434886,1.65707392693,5.35840575275,0.00122687280413,0.0607790502875,0.0,453.1202535690772,453.6305973623552,455.456627635292,454.01379903901915
3.960000000000003,0.0718757735286,0.562903558267,13.8532701938,0.175226596092,0.154377214874,0.0,-1.14665437481,1.75334352742,5.31811409501,0.00509438420255,0.0417430796717,0.0,428.3059432259972,426.68570601916866,426.2475961064045,426.57799769099347
4.020000000000002,-0.000235511106142,0.671773489348,14.1755675676,0.17625988314,0.157656278867,0.0,-1.25726377053,1.87556640771,5.42437933002,0.0343449609214,0.0725504282544,0.0,471.7298540959465,474.1048400311893,473.6602836865167,475.90478479970767
4.080000000000001,-0.0786062835379,0.787495426356,14.5014243187,0.178128184936,0.162169559588,0.0,-1.35546619349,1.98191828526,5.43717489948,0.0237997593187,0.0800869636652,0.0,446.3684366872253,446.9875542842652,446.1317485174522,445.27005785871484
4.14,-0.163334139934,0.91002947062,14.8302970055,0.179784141145,0.166757116086,0.0,-1.46917833922,2.10253706511,5.52450525253,0.0342816887896,0.067988882144,0.0,469.56472892500915,468.6293474869535,471.29012085410096,472.09987171021993
4.199999999999998,-0.25388215827,1.03866308302,15.1580058106,0.181699127371,0.170990346225,0.0,-1.54947105268,2.18541884689,5.39950216114,0.0267090443793,0.0752426572664,0.0,402.72173402210103,403.381817583758,400.51760888072766,399.8286094859927
4.259999999999997,-0.350859355787,1.17389925767,15.4869717772,0.183709459225,0.175650614879,0.0,-1.68344929616,2.32239855187,5.56483372485,0.0444680729191,0.0821301030188,0.0,494.1400069360709,494.6516652267553,494.198909926531,495.5066957237833
4.319999999999996,-0.455205375971,1.31658754196,15.8215180627,0.18646914941,0.181047167766,0.0,-1.79518273585,2.43399558516,5.58623501612,0.048884872093,0.102201080032,0.0,451.13320619824987,452.75771734646037,454.04342731619687,454.39889919001695
4.379999999999995,-0.565985943993,1.46562919341,16.1553098918,0.189173482648,0.187106829724,0.0,-1.89801937434,2.53421930658,5.54002825535,0.0360840035076,0.0984667381303,0.0,431.9085736830604,431.6025768355285,432.722372913503,431.6444122768948
4.439999999999993,-0.683265960713,1.620934365,16.4874639891,0.191153441626,0.192430985666,0.0,-2.01180456476,2.6426826105,5.53143837,0.025980618093,0.0484391941545,0.0,447.3874697662837,443.30019904053,444.54448017815946,443.71605393093296
4.499999999999992,-0.807909967149,1.78320122046,16.8213329116,0.192724482562,0.195190536427,0.0,-2.14318518493,2.76617194453,5.59683550873,0.026587684948,0.0405869628903,0.0,468.8748162166379,468.26537347308164,469.364025329299,469.4112442977964
4.559999999999991,-0.939411754137,1.95184310487,17.1537353038,0.194698381565,0.197602229289,0.0,-2.24049151608,2.85534932832,5.48355280486,0.0432138286862,0.0393991728719,0.0,411.1556622715394,411.05136064529205,410.75468270736104,412.22736705989826
4.6199999999999894,-1.0779217439,2.12694080118,17.4848369623,0.197820655894,0.200453238463,0.0,-2.37667496649,2.98131506597,5.55240418384,0.0655305145544,0.06015702254,0.0,470.2263749075264,471.83316058016766,469.97083682801787,471.6992521007121
4.679999999999988,-1.22339447005,2.30841025447,17.8139007233,0.201380030746,0.203958377796,0.0,-2.4727941893,3.06793418725,5.41673917903,0.0424906469368,0.0546959652568,0.0,405.59439676694495,405.1062331034312,404.4892681879145,402.41120997291216
4.739999999999987,-1.37603134727,2.49640159273,18.1411371426,0.204551324486,0.207116990433,0.0,-2.6153192558,3.1984932493,5.49030419901,0.0681083960863,0.0481872804101,0.0,474.10404842236335,473.6052125695245,471.93608691857446,473.9112231052021
4.799999999999986,-1.53726004919,2.69224562514,18.4726105207,0.209070856725,0.209535510284,0.0,-2.75914032952,3.32982611562,5.55794616281,0.0868314911039,0.0158333673595,0.0,474.0092478395172,471.5164696370144,473.18684553502686,474.6302595560057
4.859999999999984,-1.7071221036,2.8959974516,18.8078895835,0.21396774455,0.210780551839,0.0,-2.90294970061,3.46216086938,5.61720352902,0.0683394222837,0.0291146749302,0.0,472.0539889925199,473.07793816998475,473.17068794055984,471.74947850253244
4.919999999999983,-1.8847723212,3.10688745828,19.1426824931,0.217879116228,0.212703688611,0.0,-3.01895110707,3.56773655377,5.54254464687,0.0580026873202,0.0373599044528,0.0,430.10498081615344,430.80331845363816,431.3213109610836,430.45046955068307
4.979999999999982,-2.06958859283,3.32431194038,19.4737012057,0.220981840502,0.215098721125,0.0,-3.14183587634,3.67989345875,5.49125159122,0.034554598437,0.0445944096588,0.0,439.6708248134841,440.27077218471396,438.2572648122805,436.30514394104983
5.0399999999999805,-2.26278635419,3.54944523834,19.8058710326,0.223008661116,0.217726935219,0.0,-3.29823596237,3.82443391685,5.58008399999,0.0321853738595,0.0421735141779,0.0,483.6172017476734,483.4356885813077,484.06053436182935,483.8825294751062
5.099999999999979,-2.46460722659,3.78243700204,20.1396970853,0.224482962917,0.220380844179,0.0,-3.42938495245,3.94193871331,5.54719538936,0.00149958347049,0.0480586277113,0.0,446.7615861066939,447.24238771439224,448.7308202680002,446.2323140731812
5.159999999999978,-2.67516171594,4.02326501223,20.4750130362,0.22456732365,0.223882853127,0.0,-3.58931133014,4.0853243934,5.62906343225,0.00121819336493,0.0735578942933,0.0,483.7400924857698,485.65882491090167,483.6278076622944,483.6065771089473
5.219999999999977,-2.89450047972,4.27178501358,20.8113621302,0.224919532853,0.228459676537,0.0,-3.72240613911,4.19851374791,5.58237562936,0.0138456866203,0.0812316716847,0.0,444.97194762839723,445.60443225341544,444.76839809823065,445.8015968170958
5.279999999999975,-3.12269729139,4.52781618846,21.1481385631,0.225674515617,0.233640609216,0.0,-3.88454126481,4.33558787693,5.64256947248,0.00993002580679,0.0949979358091,0.0,479.99694792315927,481.0462485510606,479.60225340487875,479.30455307933386
5.339999999999974,-3.35985991615,4.79122289393,21.4848876002,0.226732621237,0.239797882062,0.0,-4.02142126837,4.44451709573,5.5821886791,0.0297657367561,0.114641552308,0.0,442.5816926336817,444.2049488771374,442.3397423184485,443.9706223834344
5.399999999999973,-3.60551235429,5.06129509011,21.8186076036,0.228480916206,0.246527132094,0.0,-4.16758025267,4.55780387643,5.54138979983,0.0278529958133,0.106652307346,0.0,450.0046030570341,449.36822102134295,451.09664796049094,450.942355470328
5.4599999999999715,-3.85955037853,5.33769708933,22.1478669544,0.230006611062,0.253100455848,0.0,-4.30096407,4.6555743562,5.43393626465,0.0200753398142,0.114803141148,0.0,428.6969305675186,429.4001839952067,428.6949068489716,428.03345554322834
5.51999999999997,-4.12164344077,5.6198927554,22.4704030647,0.231529075862,0.25972152319,0.0,-4.43611057614,4.7509088308,5.31731697774,0.0342880050973,0.0995061388302,0.0,425.6936540428422,424.3935231160212,425.34335537632614,426.5593143798912
5.579999999999969,-4.39218588299,5.90798961863,22.7867337958,0.233159253345,0.265913065596,0.0,-4.58254963251,4.8522813545,5.22689694101,0.00650091663979,0.109694259884,0.0,433.9926268800555,434.8566324736007,435.790549572175,433.4611568629454
5.639999999999968,-4.67130525335,6.20187193262,23.0964368326,0.233010507579,0.272703201428,0.0,-4.72209157209,4.94367395756,5.09667067008,-0.0343379426216,0.119337457034,0.0,420.4986163230392,421.3455198671512,422.62322336267744,419.08735487558226
5.699999999999966,-4.95989633864,6.5019873063,23.4016827615,0.230936100832,0.280142206752,0.0,-4.89825274493,5.05966080369,5.07763937569,-0.0350485602631,0.131942784902,0.0,457.5927282915372,458.6086857617644,458.9588975824808,458.90201986394317
5.759999999999965,-5.25826980976,6.80823025133,23.7025723405,0.229190927766,0.28778376228,0.0,-5.04828126242,5.14812441434,4.95210578796,-0.0192447109782,0.116115680802,0.0,424.4234921325491,423.07803274988504,422.5695770582114,423.9298030533825
5.819999999999964,-5.56588141837,7.11978993176,23.9962338105,0.228788156013,0.294993286763,0.0,-5.20614151617,5.23695330432,4.83659128058,0.0108190893653,0.1272116368,0.0,427.2438641073819,428.2026843902031,424.7419911260978,427.31336665677566
5.879999999999963,-5.8838474155,7.4371869145,24.2853076234,0.23005978364,0.302265216129,0.0,-5.39337626475,5.34270672915,4.79855776102,0.036462162356,0.105120826939,0.0,454.2522489338294,452.4895090827346,452.86591019721413,454.9244253637402
5.939999999999961,-6.21286633654,7.76066645007,24.5710168399,0.232176171078,0.308298559051,0.0,-5.57451457476,5.43984721541,4.72465527646,0.0327827706229,0.0893651904915,0.0,443.50835789951293,442.220693260419,443.2659165522656,442.96390071183686
5.99999999999996,-6.55239762326,8.08961236002,24.8507672749,0.234165951228,0.314131143853,0.0,-5.74382294852,5.52496304679,4.60027128735,0.0339126737243,0.1095076091,0.0,425.6007795432186,427.3301151905455,426.15011668818937,426.24719766115277
6.059999999999959,-6.9028920419,8.42413249793,25.1250369724,0.236380082233,0.320285294396,0.0,-5.93992259844,5.62556147342,4.54144941464,0.0422944534092,0.0827323235986,0.0,450.3678709323834,448.20506722673844,449.19491529565175,449.8749068218574
6.1199999999999575,-7.26581261146,8.76504783182,25.3972531788,0.239474601183,0.325429041222,0.0,-6.15786852667,5.73813931705,4.53148795708,0.0656038791837,0.0911311357822,0.0,466.08492060394946,466.74668382060565,466.6600231978024,468.47795579763914
6.179999999999956,-7.6413975328,9.11234225613,25.667232758,0.243404126781,0.330985331584,0.0,-6.36216333081,5.83832849475,4.46715913651,0.0652676893366,0.0953984216825,0.0,450.90655377314727,451.2583409283139,451.0583103629842,451.03424944682564
6.239999999999955,-8.02908547543,9.465458591,25.9324703812,0.247240789872,0.336837333341,0.0,-6.56136406222,5.93221009282,4.37357645384,0.0611583574933,0.101490788967,0.0,442.12569953841876,442.6356894181614,442.9827867108165,442.6476377147795
6.299999999999954,-8.4284467784,9.82392351211,26.1908785165,0.25076076586,0.343108653138,0.0,-6.7513623629,6.0166195131,4.23974593081,0.0531499171271,0.109979221148,0.0,428.69507225724834,429.4258843557582,430.58337144694406,429.9076248276302
6.359999999999952,-8.84007769293,10.1879539445,26.4431645591,0.253813164431,0.350221133649,0.0,-6.97030613583,6.11758238157,4.16899950199,0.0458815850576,0.131714835932,0.0,451.3506320961092,453.11403220597015,452.96971978083235,452.38624983053086
6.419999999999951,-9.26445430021,10.5576476338,26.6896551543,0.256648862905,0.357972833961,0.0,-7.17634288611,6.20540797107,4.04684798176,0.0498871710088,0.123614222262,0.0,437.76997670958093,437.11072239361823,435.2927819058466,435.6293501939245
6.47999999999995,-9.70185136979,10.9329269357,26.9300134842,0.260057482993,0.36563723219,0.0,-7.40424759061,6.30372898996,3.96424840935,0.0679368739291,0.134918695626,0.0,452.1422311719016,453.0668170335017,449.71998607572084,451.18216469837165
6.5399999999999485,-10.1531302578,11.3141188393,27.1654044751,0.26399455712,0.373523332725,0.0,-7.63907878329,6.40252486427,3.8811529173,0.060524513625,0.123363152418,0.0,453.98215632091114,453.0691300545837,453.6491498696962,453.0564584830763
6.599999999999947,-10.6186138674,11.7011911104,27.3955568027,0.268391874443,0.380782295629,0.0,-7.87771511761,6.49974321739,3.78966338061,0.0910439718579,0.115742934003,0.0,452.60860826188895,452.00761397104725,451.9561312819221,454.4138398167912
6.659999999999946,-11.0982637911,12.0938879739,27.6193423677,0.274583333462,0.387715861837,0.0,-8.11129235856,6.59016143054,3.66902793953,0.120324642717,0.115190242195,0.0,444.1504177131309,444.1170132487663,444.25545256307174,446.65946272263915
6.719999999999945,-11.5917290944,12.4917961832,27.8349296031,0.282272814779,0.394237670737,0.0,-8.33825418306,6.67357147683,3.51650732841,0.140439195091,0.0907437548964,0.0,436.54942007934864,434.5144241248741,434.50495325233055,436.2036722943028
6.779999999999943,-12.0986929757,12.8945670351,28.0406315371,0.29086985336,0.399612278138,0.0,-8.56123685633,6.75233005137,3.33968224675,0.14843451196,0.0871361016104,0.0,428.2033841976388,427.90329462675885,428.0523197901291,428.75234457078875
6.839999999999942,-12.6198552674,13.3025670968,28.2371451902,0.299686574301,0.405605980445,0.0,-8.81143207648,6.84781598427,3.20976956128,0.143791112097,0.117642057395,0.0,445.2838962069655,447.7814524971917,447.1944485201929,446.83601069817024
6.899999999999941,-13.1558929075,13.7161390925,28.4250730711,0.308389539641,0.412791496719,0.0,-9.05718477343,6.93800322775,3.05354218786,0.147451461754,0.123683603683,0.0,438.41883947949947,438.93379625031565,440.802790621826,441.1251062209285
6.95999999999994,-13.7064684784,14.1348953928,28.6026744302,0.31744108045,0.420328741641,0.0,-9.29609677963,7.02062820733,2.86569600679,0.156919223949,0.129234465595,0.0,430.465572270314,430.95009313593977,429.9301357917392,430.75400229804063
7.019999999999938,-14.271530227,14.5586236323,28.7688290168,0.326784595641,0.428368346053,0.0,-9.54006525832,7.10371008094,2.67190565309,0.153226895465,0.142118516286,0.0,429.6966178477147,430.8049189086288,430.77125616741307,430.48258271296834
7.079999999999937,-14.8523097227,14.9879930301,28.9250750327,0.335827923333,0.436952076322,0.0,-9.81990279044,7.20850794279,2.53481716701,0.14517963877,0.144883589451,0.0,453.59553558295653,453.83622916907785,454.15052581102407,453.5252034612012
7.139999999999936,-15.4511047285,15.4243961495,29.0749940058,0.344460077346,0.445378345426,0.0,-10.1404179278,7.33797616932,2.46038620961,0.141113880947,0.12961529327,0.0,479.717464982462,478.57292726685114,479.99370055470627,479.7025880628048
7.1999999999999345,-16.068678986,15.8681181859,29.218952131,0.352961988107,0.4527692371,0.0,-10.4459475981,7.45249603789,2.3365180069,0.142841558048,0.105472663531,0.0,468.97042138329147,467.10333585207553,465.85058253378565,466.003376693489
7.259999999999933,-16.7023867852,16.3170158494,29.350702811,0.362071265325,0.459128921874,0.0,-10.6786269711,7.51077126189,2.05483239168,0.165487986508,0.107018125147,0.0,410.4275833841087,410.5756315712253,410.46934434187597,412.4983128607197
7.319999999999932,-17.3540934515,16.7721701495,29.4727147345,0.371581624238,0.465394339339,0.0,-11.0451372507,7.66063069255,2.0096729393,0.138492118857,0.0986566141489,0.0,500.03077564651824,499.42923122028475,500.52036867409106,498.5714483758736
7.379999999999931,-18.0259194133,17.2348344183,29.5879659763,0.379370554847,0.470981776691,0.0,-11.3497168924,7.76119149063,1.83069072393,0.100390679496,0.078773893174,0.0,458.1612002762984,456.5839376325909,460.3212158524297,457.30899788727044
7.439999999999929,-18.7160925179,17.7034092214,29.6920998883,0.385223368563,0.475381031082,0.0,-11.6568121744,7.85753091093,1.63933594017,0.0911529499729,0.0592433997845,0.0,458.2968136279873,456.7451108154762,456.0394408963332,455.30852365608087
7.499999999999928,-19.4249086428,18.1777177244,29.7846444239,0.390535971858,0.478684934045,0.0,-11.9711923089,7.95228115444,1.44445551702,0.0827380550494,0.0450280767397,0.0,458.2555618356995,457.12562860772397,458.5047674191131,457.8417080512392
7.559999999999927,-20.1523440218,18.6573127161,29.8645643276,0.395721639983,0.481168859924,0.0,-12.2776172497,8.0337952505,1.21879843237,0.0929360616179,0.0329207597442,0.0,449.3077931207035,448.3255996040549,448.30012320064384,449.1343897693812
7.6199999999999255,-20.8978248137,19.1413167356,29.9298448991,0.401670634421,0.483465870502,0.0,-12.5728749563,8.09934942054,0.956726858375,0.109329493209,0.0472868219711,0.0,435.5830845759931,436.7840807921452,436.15916383000575,437.53525736531117
7.679999999999924,-21.6616247507,19.6294655667,29.9799445876,0.408070732148,0.485956043904,0.0,-12.8881757976,8.17186643707,0.712448300829,0.100735294963,0.0262512869567,0.0,445.4656355385786,443.74230114394294,445.8182862612303,445.12513166181407
7.739999999999923,-22.4456143513,20.1226726398,30.0170547794,0.414596173764,0.488311465491,0.0,-13.2456662224,8.26776806832,0.52323924819,0.121274279762,0.0572540387406,0.0,466.89793446436306,469.3120752079946,467.2247522878477,468.83350936539694
7.799999999999922,-23.2501528327,20.6206924936,30.04068115,0.421497325801,0.49206957455,0.0,-13.5734179803,8.3323954235,0.263335978775,0.0980149886359,0.0716628514326,0.0,444.3902892631854,445.57311049128265,445.2941815587411,443.39809159295703
7.85999999999992,-24.0769317578,21.1242651687,30.0524860616,0.427087655022,0.496590163475,0.0,-13.9865333409,8.4523089261,0.127926387918,0.0811143591544,0.081837242253,0.0,493.5948772742976,494.34925511620105,494.42159805614176,493.1806652061183
7.919999999999919,-24.9274369863,21.63389301,30.053702354,0.431682479062,0.502191015111,0.0,-14.364679557,8.53432072614,-0.0890289442915,0.0654821231277,0.109826453906,0.0,467.92461986922797,470.1059282730745,470.57588632288804,469.36795143804795
7.979999999999918,-25.8011320593,22.1484526798,30.0420304078,0.435283703801,0.508668659366,0.0,-14.7595291597,8.61649859379,-0.301939609437,0.0459104832973,0.103944364606,0.0,475.8445836306692,475.403289177421,475.8671030483063,474.36813437230705
8.039999999999917,-26.6987577549,22.6677158732,30.0172357811,0.438069557211,0.51479490992,0.0,-15.1624892683,8.69103386956,-0.526397476692,0.0474515891524,0.0981468364354,0.0,476.2886176443468,475.8530839507972,475.4111679810504,475.53040550483644
8.099999999999916,-27.6200874767,23.1906633687,29.9774569628,0.440451953578,0.520973363995,0.0,-15.5499302043,8.73942915124,-0.801065500249,0.0159540670709,0.111201680801,0.0,461.2964195938791,462.3353187254013,462.0465097878653,459.5561016037523
8.159999999999915,-28.5649653247,23.7162790751,29.9208942173,0.441836939585,0.527951472769,0.0,-15.947541837,8.77983389133,-1.08594486342,0.0344798824994,0.124924274386,0.0,461.3047918494716,462.3990536554643,460.1526133338068,461.61754063362156
8.219999999999914,-29.5336954195,24.2438285848,29.8464129634,0.444015182093,0.536197762454,0.0,-16.3450528899,8.80388105628,-1.39844424362,0.0397225233338,0.154937267717,0.0,453.5014657052385,455.9233686191988,455.0578483267375,455.47807903565644
8.279999999999912,-30.5250277103,24.7714244101,29.7504480365,0.446627982296,0.546205164505,0.0,-16.7012413297,8.78157730791,-1.80158277698,0.0502664392174,0.183615539175,0.0,421.2846364832742,423.78574197480464,421.8011386003188,422.7123700284051
8.339999999999911,-31.5388451667,25.2979778641,29.631120156,0.449437700128,0.55733710883,0.0,-17.0943183003,8.76882133697,-2.17790031316,0.0388738709358,0.189108937555,0.0,437.7911517563321,438.28212447020724,438.10061761497275,437.153168057431
8.39999999999991,-32.5793765755,25.8254166428,29.4928361008,0.451532273709,0.568753462743,0.0,-17.5911572794,8.81035552677,-2.43499375621,0.0254900600792,0.192500361929,0.0,490.65573060588594,490.9390248552583,491.3221711389771,490.3288232323069
8.459999999999908,-33.645173293,26.3516669667,29.3317410272,0.452782455976,0.580641147059,0.0,-17.9376780557,8.73020276236,-2.93596538421,0.0093625034468,0.207493462679,0.0,396.34493844656413,397.764542780287,399.2678867901573,397.79293494025853
8.519999999999907,-34.7336894907,26.8738428367,29.1423375679,0.453983026451,0.592557049502,0.0,-18.3481747399,8.6740611677,-3.37959624466,0.035576036822,0.167568557616,0.0,429.65589512696056,426.2943525063349,426.8419397781324,429.0744084964755
8.579999999999906,-35.8490009306,27.3934640907,28.9282140869,0.456010676497,0.602628887637,0.0,-18.8307038467,8.64472357098,-3.76071886537,0.0299692245544,0.168447532314,0.0,461.538353387056,461.63356228114037,460.182422646401,459.7385783829179
8.639999999999905,-36.9939681823,27.9111354835,28.6910539917,0.457377666303,0.612459735812,0.0,-19.3367775932,8.60890772558,-4.14775724297,0.00180023257238,0.152557667491,0.0,467.42838496123704,466.2118213321461,467.3299149821725,465.1279613539329
8.699999999999903,-38.1678343698,28.4250572263,28.4276478481,0.45768169373,0.621522078601,0.0,-19.7948569498,8.52011355887,-4.63472798861,0.0109096876605,0.147818611574,0.0,433.19147716774717,432.81468449029313,431.79563926766997,432.56379549896076
8.759999999999902,-39.3691227255,28.9329098808,28.1337560598,0.458714482188,0.630712250111,0.0,-20.2511404361,8.40662007382,-5.16391609814,0.0275201858698,0.16214809505,0.0,420.98786085818244,422.2499678655993,419.06210863007607,420.50429036925107
8.8199999999999,-40.5987657646,29.4338150271,27.8080710242,0.460017757136,0.640819777871,0.0,-20.7398933752,8.28823896053,-5.695081443,0.0064115428687,0.178763916468,0.0,426.7066720078006,428.1516874971088,428.41439644559,426.6148097622749
8.8799999999999,-41.8585257114,29.9273148915,27.4501414046,0.461193117215,0.651332601756,0.0,-21.2551061213,8.15954664916,-6.23920115862,0.0377562563298,0.166964742029,0.0,431.26764668631847,430.2998257204373,429.7418009392399,432.3920783205661
8.939999999999898,-43.1517383191,30.413753449,27.0611286636,0.463227295258,0.662278213324,0.0,-21.8545670668,8.05228598035,-6.73234085807,0.0247990669895,0.2026834665,0.0,463.76327092927676,466.59120296335766,463.3480524757313,462.3281457561738
8.999999999999897,-44.4793870092,30.8919998049,26.6392431466,0.46444018477,0.674335487001,0.0,-22.4035189252,7.88662712866,-7.33458343643,0.00895537379444,0.197257571941,0.0,429.6306068576759,429.2111450738688,429.5562012685103,428.20972161154646
9.059999999999896,-45.839907028,31.3593584699,26.1795671644,0.465217783994,0.685963514159,0.0,-22.950840247,7.6893678646,-7.9920353054,0.0199598761058,0.185805867717,0.0,417.42979667472986,416.46789526476573,415.18871443603575,416.15358604269437
9.119999999999894,-47.2358893383,31.8153461761,25.681605522,0.465973794656,0.696633402691,0.0,-23.5854788114,7.50703169877,-8.6118755513,-0.00920987754934,0.15288132643,0.0,449.00918502068583,446.35791353694697,449.30949407287073,446.93693725096267
9.179999999999893,-48.672524486,32.2607024729,25.1472917904,0.465459284639,0.705871281574,0.0,-24.3063231546,7.33460469841,-9.20466193029,-0.00733501137415,0.156045186311,0.0,476.5762657410222,476.83876728836935,475.25305829097607,475.3969434418156
9.239999999999892,-50.1553090382,32.6960582897,24.5783058703,0.465184599013,0.715651813599,0.0,-25.1234772083,7.17297369677,-9.76904107491,0.000433182659425,0.17417953233,0.0,505.15046930047725,506.4786325081841,506.7329511414484,507.29143414594023
9.29999999999989,-51.6860688769,33.1198962959,23.9720392696,0.465288375712,0.726487672046,0.0,-25.9061867139,6.95067554362,-10.44734765,0.0042041766053,0.19104621507,0.0,479.3139828212322,480.6234141113217,480.6502773075752,480.9361080285207
9.35999999999989,-53.2615109865,33.527904194,23.3203209781,0.465819899541,0.737905462182,0.0,-26.6140865506,6.64554508635,-11.2835649763,0.0168378820658,0.188755814087,0.0,432.35549685489013,432.1987152327689,429.99494335247726,431.06447756255835
9.419999999999888,-54.8833586483,33.9181207172,22.6196831617,0.466585062063,0.749710368476,0.0,-27.4525862087,6.35659541292,-12.0799735246,0.00298277340223,0.209220997191,0.0,473.7386089671896,475.34521593314423,474.14484226022313,473.0784529040981
9.479999999999887,-56.5541940513,34.2887956197,21.8671041397,0.466360543994,0.762212058432,0.0,-28.2481410203,5.99417788061,-13.0150592752,-0.0226804093975,0.206587827417,0.0,437.52664386611895,437.35069184588474,440.366549706497,438.23718529634885
9.539999999999885,-58.2771765447,34.6381255804,21.0593847019,0.465248739191,0.774634481399,0.0,-29.190701164,5.64405807549,-13.9203919433,-0.0113077610458,0.207928941746,0.0,482.9259239785583,483.0655181253267,484.2017636754816,485.05717100479404
9.599999999999884,-60.0583526343,34.9653343219,20.1952674392,0.464566324057,0.787077830547,0.0,-30.1885202554,5.25611494534,-14.8963057872,-0.0115055604999,0.206289079643,0.0,488.5044886254187,488.4201608070398,489.04289643132637,489.0282926442566
9.659999999999883,-61.895788323,35.2656113296,19.265447397,0.464077262968,0.799312376522,0.0,-31.0687427072,4.74671486798,-16.1097987772,-0.00216837668467,0.198674774123,0.0,415.36276150387255,414.73794365302524,414.8056485938296,415.6255379682003
9.719999999999882,-63.7911333907,35.5353113207,18.2629431842,0.46350732739,0.811229515726,0.0,-32.1189990931,4.23538589269,-17.3220232528,-0.0311679374005,0.19850736595,0.0,461.9697051931981,461.9934469244205,462.04080729753343,459.7473221259647
9.77999999999988,-65.748977986,35.7715978349,17.1823452699,0.462908335976,0.823490159393,0.0,-33.1543249577,3.63256264501,-18.7141085779,0.0147863779337,0.213999534431,0.0,423.06093046272264,424.4366644082813,422.40843021517986,426.3558612852895
9.839999999999879,-67.7749399836,35.971381155,16.0177108852,0.463971546614,0.836688718532,0.0,-34.3889934256,3.01618803016,-20.1271158988,0.0230222023142,0.229822787227,0.0,473.89324000125197,475.1529942811591,474.4774967332046,475.1096982440355
9.899999999999878,-69.8723379071,36.1298883076,14.7600077164,0.465670092163,0.850511541812,0.0,-35.5385587359,2.25594760669,-21.8173602867,0.0372050472949,0.231470789738,0.0,402.638710682473,402.84671120886986,401.97270029691214,403.25729575022996
9.959999999999877,-72.0433546735,36.2409561652,13.3976603063,0.468219238423,0.864047238711,0.0,-36.8443456901,1.43247193297,-23.6192677288,0.0513719892172,0.210045118551,0.0,427.37171372876816,425.5924905057017,427.0672481072867,428.27591987095445
10.019999999999875,-74.2986386149,36.3006143641,11.9237769456,0.471010667392,0.876513224145,0.0,-38.3499705093,0.539536804422,-25.5399288254,0.0344426800432,0.202777395108,0.0,462.6485676033488,462.11614392812226,461.99969128342826,460.6631007348854
10.079999999999874,-76.6485458709,36.3032891948,10.328516685,0.473305719686,0.88821296154,0.0,-40.0022972511,-0.469605384501,-27.6705004571,0.0449461822399,0.171108790431,0.0,466.6175663479985,464.1711980155533,466.7644777514328,467.5847009860701
10.139999999999873,-79.0989635242,36.2399909269,8.59540236496,0.475949625301,0.898180326288,0.0,-41.7078711551,-1.66237086008,-30.1395167984,0.0422425523731,0.15361718253,0.0,419.812237793427,418.31836250801376,417.61697494281873,417.3821006799541
10.199999999999871,-81.6607920957,36.1013124595,6.70742865688,0.478773362797,0.907108974098,0.0,-43.7218406458,-2.98726652754,-32.8415523181,0.0552820679724,0.13687621136,0.0,455.0837377051647,453.76072845404383,453.5577085098616,454.6058400902853
10.25999999999987,-84.3531588795,35.8779410686,4.64813040884,0.481987500026,0.915388792587,0.0,-46.0670167745,-4.49198272293,-35.8613742238,0.049902960199,0.140146888243,0.0,478.1002236797999,478.3656955018449,479.77695909914706,479.36971605444097
10.319999999999869,-87.194498474,35.5565294089,2.39376335249,0.484918073928,0.923392638063,0.0,-48.6986674238,-6.26301501531,-39.3579168158,0.0466344913783,0.11438741356,0.0,465.46735258182036,463.46057041798156,463.2595280240131,463.00360032271215
10.379999999999868,-90.2030980194,35.1188207501,0.0,0.488757677583,0.930112657071,0.0,-51.6599080366,-8.37891081985,-43.4724398816,0.0858706788756,0.106743877346,0.0,426.8080730123363,426.16629809863963,426.32287569095564,429.6680947492001
